Year,Annual,Winter,Spring,Summer,Autumn
1896,9999.9, -10.0, 164.8,  46.8, 315.5
1897,1016.0, 426.4, 169.3, 148.7, 263.4
1898, 844.2, 468.6, 129.8, 117.4, 297.4
1899,1241.6, 312.5, 230.7, 136.8, 464.6
1900,1242.7, 376.1, 338.6, 192.8, 309.7
1901, 986.7, 372.0, 223.8, 106.2, 347.6
1902,1027.4, 361.7, 239.4, 106.3, 291.8
1903, 985.6, 297.1, 131.0, 122.6, 483.8
1904,1134.0, 417.9, 209.2, 103.4, 284.7
1905,1055.0, 438.8, 194.2, 153.8, 373.9
1906,1071.6, 342.6, 150.1,  71.5, 472.4
1907, 791.5, 400.7, 132.3,  24.5, 198.0
1908, 969.2, 397.9, 158.5,  72.5, 373.0
1909, 877.0, 347.6, 120.9,  87.7, 382.0
1910, 993.2, 299.9, 160.2,  55.0, 394.5
1911, 724.1, 277.0, 165.6,  73.1, 242.4
1912,1014.3, 314.4, 139.3, 206.1, 337.1
1913, 881.1, 294.6, 214.6, 131.1, 325.4
1914, 922.0, 324.5, 120.3,  80.5, 391.0
1915, 902.4, 259.0, 193.3,  35.8, 285.6
1916, 795.6, 294.2, 278.2, 119.1, 177.6
1917, 876.9, 225.9, 259.2, 108.0, 180.5
1918, 791.3, 464.0, 131.6, 118.5, 190.6
1919, 768.2, 335.9, 177.0,  43.6, 217.0
1920, 842.5, 233.6, 121.5, 122.9, 375.2
1921, 944.9, 286.1, 101.0, 128.0, 421.9
1922, 655.2, 209.1, 135.2,  57.9, 203.7
1923, 815.3, 342.2, 154.5,  86.1, 185.1
1924, 966.0, 524.9,  81.5,  84.0, 352.2
1925, 917.4, 426.2, 165.4,  83.8, 137.6
1926,1037.3, 488.0, 194.6,  93.3, 336.9
1927,1074.5, 371.5, 251.0, 126.4, 408.4
1928, 848.9, 252.2, 215.6,  58.7, 280.8
1929, 565.7, 171.0, 155.5,  87.2, 149.5
1930, 837.8, 350.1, 196.8,  45.9, 286.6
1931,1265.6, 393.9, 246.4, 167.8, 320.4
1932,1142.9, 422.5, 255.6, 206.6, 363.0
1933,1155.3, 287.9, 215.8,  99.9, 418.1
1934,1111.7, 539.0, 190.5,  84.1, 349.6
1935,1061.1, 549.8, 204.2, 135.0, 214.8
1936, 934.9, 355.7, 219.6, 138.1, 180.1
1937,1070.6, 285.6, 239.8, 169.0, 360.2
1938, 819.1, 362.9, 171.3,  44.8, 223.4
1939,1151.1, 518.7, 156.2, 116.0, 348.1
1940,1152.8, 484.4, 275.5,  82.9, 327.5
1941,1195.8, 490.9, 252.5, 111.9, 399.4
1942, 854.7, 278.1, 182.5, 150.6, 237.7
1943, 810.9, 287.4, 227.9, 100.0, 239.9
1944, 895.4, 353.5, 149.1,  53.6, 389.7
1945,1140.0, 359.5, 233.9,  68.7, 408.2
1946,1204.3, 473.7, 308.1, 167.4, 256.7
1947,1220.9, 407.3, 265.9, 103.5, 336.0
1948,1198.5, 508.9, 240.6, 173.4, 394.0
1949, 881.6, 229.4, 184.4, 113.9, 311.0
1950,1255.1, 430.7, 299.8, 155.0, 332.3
1951,1028.7, 572.0, 201.6,  32.8, 305.7
1952, 753.6, 331.3, 179.3, 105.2, 100.6
1953,1293.2, 485.0, 191.5, 169.8, 389.8
1954,1098.9, 439.9, 147.0, 172.5, 408.8
1955,1068.5, 305.3, 217.4, 141.4, 410.8
1956,1174.4, 358.2, 139.9, 187.5, 422.4
1957, 904.8, 320.2, 230.1, 158.0, 208.3
1958,1186.2, 608.0, 182.8,  82.9, 355.8
1959,1314.9, 442.2, 293.1, 169.9, 408.3
1960,1184.5, 441.0, 247.3,  95.7, 405.4
1961,1435.7, 654.2, 284.3, 112.9, 346.9
1962,1163.8, 375.7, 213.8, 151.2, 397.6
1963,1174.1, 399.0, 208.6, 138.9, 383.8
1964,1084.2, 546.0, 197.1, 192.7, 338.5
1965,1002.8, 413.9, 162.8,  90.6, 287.4
1966,1168.0, 302.1, 164.1, 162.8, 399.5
1967,1231.1, 580.7, 211.9,  46.0, 494.1
1968,1331.9, 482.0, 257.6, 157.6, 439.8
1969, 962.8, 270.3, 235.4,  91.9, 352.0
1970, 902.4, 329.6, 215.3,  87.6, 249.0
1971,1223.6, 451.8, 265.9, 130.8, 451.0
1972,1290.5, 306.3, 349.2, 165.6, 269.7
1973,1049.4, 526.0, 146.7, 102.9, 334.0
1974,1303.3, 527.2, 421.6, 110.3, 287.6
1975,1270.8, 435.8, 180.1, 153.1, 495.5
1976,1053.6, 512.8, 272.7, 170.3, 193.1
1977,1060.9, 277.7, 221.8, 124.4, 387.2
1978,1022.6, 347.2, 301.1, 141.2, 297.3
1979,1023.6, 326.7, 165.8,  81.9, 252.9
1980,1436.1, 565.0, 261.8, 208.5, 483.3
1981,1494.8, 443.2, 362.6, 221.2, 498.0
1982,1246.4, 589.3, 187.5, 142.9, 351.4
1983,1540.5, 576.9, 325.3, 177.6, 536.8
1984,1458.2, 490.3, 380.5,  98.6, 423.7
1985, 812.4, 252.5, 237.3,  68.8, 350.6
1986,1250.2, 368.3, 335.1,  90.8, 310.5
1987, 974.3, 426.0, 305.2,  86.5, 194.4
1988,1302.1, 325.3, 390.3,  94.9, 452.7
1989,1099.8, 403.0, 259.2, 156.7, 335.2
1990,1329.5, 433.5, 267.5, 168.0, 427.0
1991,1147.4, 435.5, 275.5, 270.5, 237.4
1992,1155.2, 485.0, 177.1, 169.7, 334.8
1993, 908.5, 189.8, 359.3, 134.5, 146.6
1994,1151.5, 387.3, 218.1, 123.6, 398.2
1995,1313.3, 483.1, 201.8, 169.0, 424.3
1996,1394.2, 476.6, 329.9,  69.7, 534.2
1997,1574.7, 567.7, 440.1, 227.9, 411.2
1998,1166.7, 380.8, 221.8,  82.3, 388.7
1999,1451.2, 682.4, 230.8, 193.2, 361.0
2000,1028.0, 429.6, 269.3, 158.1, 258.7
2001,1214.4, 293.1, 288.0, 198.2, 345.4
2002, 860.1, 465.3, 200.6,  56.6, 209.9
2003,1133.8, 331.3, 335.2,  40.3, 470.9
2004,1256.2, 347.9, 187.9, 122.7, 504.7
2005,1237.9, 478.8, 305.3, 130.5, 355.2
2006,1227.4, 517.1, 211.4,  89.7, 420.3
2007,1331.1, 442.4, 342.0, 150.8, 359.4
2008, 960.4, 388.0, 184.1, 142.6, 320.3
2009,1100.3, 282.6, 260.5,  61.0, 533.9
2010,1246.1, 373.7, 263.8, 126.0, 385.0
2011,1100.1, 438.9, 358.8, 107.3, 278.1
2012,1216.1, 360.3, 260.7, 116.1, 379.0
